%YAML:1.0
---
K: !!opencv-matrix
   rows: 3
   cols: 3
   dt: d
   data: [ 2.5731079116923311e+03, 0., 1.3252501608248360e+03, 0.,
       2.5667426533556627e+03, 1.2538085596768803e+03, 0., 0., 1. ]
D: !!opencv-matrix
   rows: 1
   cols: 5
   dt: d
   data: [ 1.4043309821859177e-02, -6.4154615422609362e-02,
       -3.0093222428459443e-03, -6.6059205633241724e-03,
       4.3868907137883176e-03 ]
